59.77827
63.21404
63.34242
62.79238
64.28113
64.24221
64.08231
63.99574
64.61338
63.97944
65.24451
65.35102
65.67992
65.43664
65.29391
64.79017
65.01881
65.5464
65.08145
65.49008
65.1352
65.51262
66.58436
66.37842
66.14782
65.97259
65.95887
66.45202
65.74797
65.97164
65.90548
65.90773
66.47103
65.75023
66.34666
66.08577
66.28037
66.34354
66.41711
67.22558
67.46394
66.99362
66.76647
67.0342
66.84316
69.2989
69.09114
61.66358
65.7288
68.98012
67.37397
67.17459
67.06712
67.29446
67.62665
67.47923
66.92162
67.58324
67.21191
66.81629
67.24268
67.51036
67.57026
67.17258
67.54129
67.37113
67.59714
67.25104
66.82533
66.72679
66.92996
67.64847
68.04291
68.4885
68.04777
68.34573
68.33829
68.3138
68.18333
68.51056
68.12014
68.31563
68.04774
68.61273
67.9425
68.08381
68.36754
67.85181
68.19806
68.01897
68.23431
67.89742
68.62409
67.97912
68.2668
67.94192
68.62072
68.23857
68.58554
68.06568
68.38188
67.75943
68.59991
67.91483
67.83861
68.77562
69.60782
69.69143
69.41491
69.68931
69.20775
69.45627
69.59614
69.27994
69.52338
68.74406
69.30987
69.22571
69.24073
69.4912
69.11921
68.93751
69.45774
69.27599
69.22869
68.70547
69.34638
68.87137
69.30262
69.1579
69.62727
69.11014
69.09596
69.03281
69.85677
70.06274
69.89765
70.26185
70.52663
70.52744
69.7865
70.36684
69.97604
69.83308
70.69951
70.16871
70.11632
69.95433
70.31279
69.80903
69.96792
69.93939
69.73486
70.08397
70.01015
70.65025
70.01253
70.09077
71.34319
70.81542
71.44929
71.18676
71.66276
71.39516
70.73612
71.2608
71.04721
71.2592
70.89486
71.31732
71.55712
71.17701
71.03412
71.37275
71.64741
71.1205
70.91756
71.66455
72.39198
71.87928
72.34482
72.17265
72.52078
71.98836
72.34482
72.45347
72.26945
71.96844
72.18169
72.7864
73.0414
72.87858
73.17304
73.63274
72.88245
73.18148
74.3209
74.40727
73.76791
73.92119
73.75503
75.56214
75.70222
77.21338
61.28882
74.28343
70.93102
75.34802
61.78758
64.00009
62.4658
73.70465
66.3495
62.20543
65.421
63.9922
62.78458
63.52486
63.49966
62.89658
63.72784
63.73231
64.39579
63.70072
64.44796
64.2795
65.18412
65.10118
65.56277
64.94454
65.14227
65.16843
65.58149
65.63474
64.87191
65.4176
64.7231
65.84559
65.77333
66.67371
66.54726
66.43228
66.3326
66.24935
66.39759
66.69366
66.22114
66.43499
66.65758
65.76873
66.20784
66.30166
65.81894
66.34562
66.88369
66.8162
67.36245
67.68308
67.19885
67.26903
67.45131
68.95907
62.013
64.10658
66.00879
65.77796
66.94446
66.81229
67.01431
67.43705
66.8442
67.25391
67.52273
67.17782
67.6068
66.8991
66.74675
67.16928
67.23833
66.75589
66.79828
67.488
67.1104
67.06455
66.93899
67.54723
66.85662
67.70971
67.88296
68.66534
68.58164
68.44493
68.41199
68.44665
68.38258
67.92987
68.3033
67.97479
68.18304
68.57984
68.56974
67.81854
67.8796
68.22794
68.01258
67.85023
67.80077
68.59968
68.08671
67.87656
68.47849
68.60006
68.07838
68.08199
67.73211
68.4132
68.59541
68.28458
68.06489
68.41445
69.36998
69.00435
69.37297
68.89496
69.37382
69.34415
68.96686
69.59887
69.24597
69.68301
68.90541
69.07283
69.03297
69.18202
69.64233
68.82818
69.24165
69.10265
68.98512
69.31551
69.20435
68.93765
69.36661
68.71181
68.75662
69.35439
69.42891
69.52003
69.2275
69.95069
69.9199
69.98123
69.74222
69.82326
69.90223
70.2992
69.83745
69.94847
70.27479
70.67752
70.38903
70.37578
70.60668
70.16921
69.85223
70.23353
70.28373
70.33881
69.81443
70.54739
69.96746
69.73702
69.8604
70.87111
71.36657
71.1878
70.75001
70.72998
71.32092
70.88794
70.9085
70.87662
71.19803
71.31925
71.22916
71.35939
71.60205
70.97309
71.1886
71.40319
71.39524
70.88752
71.27449
72.10289
72.03197
71.9969
71.72577
71.92914
72.20518
72.29401
72.5854
72.04673
71.80541
71.80464
73.06559
73.44548
73.19223
73.37471
73.22554
72.88357
72.77826
73.26989
73.96165
74.64342
73.92565
74.58767
74.31029
75.10003
77.15504
60.78204
62.36303
66.40186
58.50708
70.00052
70.99433
64.96417
70.47639
69.23383
64.90184
68.7749
69.85805
62.52373
63.28805
63.52861
62.87456
63.91754
64.32325
64.22405
64.59643
64.28548
63.78835
65.66404
64.80838
65.63528
64.74897
64.79081
65.10988
65.55215
65.30083
65.1426
65.09433
64.81397
65.95058
66.37511
66.38624
66.31904
65.80919
66.09556
66.49077
66.32632
66.59779
66.00909
66.45585
66.00818
66.46605
66.37783
66.34685
66.31558
66.62303
66.79229
67.5336
67.15587
66.78051
67.25544
66.79006
66.88298
68.1121
63.61572
63.17978
65.67211
67.23403
67.4089
67.57913
67.20643
67.10018
66.80557
67.09308
66.91372
66.77528
66.97572
67.66639
67.62089
67.66841
67.32572
67.04153
66.96445
67.07223
67.169
67.48077
67.67057
66.86465
67.04437
67.72523
68.52969
67.8741
67.84693
68.26632
68.18364
68.55723
67.77137
67.92976
67.72522
67.98916
68.0679
67.772
68.11035
68.16623
68.61054
68.2893
68.38263
68.6212
68.27802
67.93914
67.7105
68.351
68.14712
67.97421
68.23682
68.05699
68.49856
68.58894
67.74098
68.69765
68.63531
68.37844
69.11352
69.35385
69.5135
69.11
69.64324
69.40655
69.18575
68.80709
69.11679
69.02706
69.05703
69.14581
68.7308
68.9798
68.95303
69.1639
68.81649
68.73746
69.00102
69.28222
69.37676
68.90879
69.32318
69.63872
69.43581
68.97885
69.54252
68.73497
69.20127
70.36167
70.10118
70.39507
70.03877
69.76556
70.39131
70.0372
70.25908
69.87081
70.69845
70.25756
69.7177
70.31993
69.95735
69.72691
70.22698
70.02038
70.32035
70.39947
69.78074
69.7598
70.53827
70.03449
70.59135
71.13378
71.15371
71.03018
70.93936
70.78603
71.50695
71.57023
70.83563
70.96118
71.55428
71.08274
71.49587
71.36997
71.49891
71.01177
71.62784
71.36701
71.23426
70.90129
71.53087
72.441
72.5999
71.79167
72.00806
72.01746
72.44981
71.92864
72.0908
72.57398
72.53335
71.78483
72.57594
73.06795
73.18852
73.39371
73.3754
73.67679
72.84789
72.99608
74.67822
73.8507
74.35692
73.99906
73.92525
75.67784
76.10484
78.2476
61.89619
69.86215
62.26801
71.40839
71.60925
65.51351
71.86574
71.16645
64.53321
65.25053
69.62871
65.10223
61.03526
63.12132
63.5968
63.47848
63.83162
64.18388
64.66888
64.06363
64.38072
64.60295
64.81735
65.22864
65.62354
65.62755
64.8584
65.6482
65.6904
65.58218
65.08945
64.87234
65.68794
66.54461
66.23255
65.91034
66.29882
66.33603
66.19024
66.12728
66.1938
65.82389
66.61389
66.45299
66.25633
66.53703
66.28457
65.90354
66.61969
66.59349
67.30641
67.41523
67.51658
66.94071
67.11246
66.99107
66.94124
68.06898
67.47908
63.00731
67.40208
68.75691
66.90827
67.28305
67.15978
67.12405
67.07313
67.17665
66.74724
66.81865
67.43735
67.37322
66.96049
67.40154
66.91834
66.93007
66.78425
66.7842
67.15158
67.45025
67.68985
67.13767
67.60589
67.96334
68.65674
68.42972
68.01111
68.61891
68.50647
67.77439
68.09837
68.19228
68.54918
68.59413
68.65282
68.40294
68.54259
68.59444
67.87885
68.0454
67.96346
68.55092
68.07785
67.93252
68.5916
67.90891
68.63842
68.6514
68.40634
68.19563
68.3391
68.13175
67.79551
68.24471
67.96366
68.02669
68.07695
69.23339
69.22874
68.9062
69.33247
69.53206
69.02418
69.26288
69.55433
69.3664
68.96569
69.33038
69.10425
69.29199
69.26009
68.71424
69.48488
69.48141
68.88311
68.83524
69.42378
68.82387
69.06951
69.18528
69.26989
68.83727
69.11594
69.39569
68.70258
70.39288
70.49606
70.11817
69.75304
70.25238
70.28837
69.71807
70.13835
70.41752
69.91638
69.7803
69.90789
70.29221
70.20136
70.42766
70.40239
70.65713
69.7276
70.45174
70.52536
70.45682
70.52011
70.25621
70.32714
71.39933
71.03487
71.61276
70.90129
71.36831
71.46158
71.22939
71.59368
71.6476
71.33885
71.13133
71.52388
70.95837
71.48199
70.85433
71.41922
71.30872
71.22321
71.4506
70.76122
72.65576
71.96434
72.3071
72.2446
72.38029
72.04211
71.77644
72.54877
72.57381
71.90584
72.62022
72.4218
73.13823
73.60773
73.2649
73.0769
73.69792
73.60551
72.87015
73.90142
74.32431
73.87776
74.20972
74.47833
75.07304
76.3516
78.36479
61.22021
72.63356
64.94291
73.02984
71.81569
65.29123
60.90911
72.131
70.98853
61.7019
67.51436
64.37789
63.2825
63.47892
63.66235
63.94637
63.93831
63.94722
64.08187
64.68702
64.38337
63.91132
64.84282
65.33216
65.2375
65.47348
65.16309
65.35727
65.59545
64.70258
64.76966
65.55892
65.42338
66.54624
65.70133
66.12315
66.2678
66.55539
66.42398
66.50633
66.27712
66.42142
66.25827
66.1285
66.53558
66.32575
66.11991
65.87925
65.70978
66.10198
67.57237
67.4361
67.00761
67.21048
67.1921
67.39528
67.44979
68.18883
62.74094
66.34954
65.69966
68.36264
67.52548
67.24632
67.21519
67.45383
66.93472
67.6832
66.97218
66.73049
66.75153
67.4346
66.92896
67.49282
66.93944
67.03135
66.91542
66.97758
67.14932
67.53093
67.52202
67.27928
67.56893
67.75773
68.10565
68.49664
68.5851
67.85579
68.60796
68.19156
68.25828
68.15401
68.18623
68.16064
68.6097
68.34391
68.65678
68.51914
67.72093
67.96986
67.75073
68.09745
68.64602
68.2318
68.18244
68.15011
68.13611
68.10048
68.53037
68.37728
68.17652
67.7452
67.93037
68.25872
68.33639
68.27405
69.5816
68.70027
68.93075
68.78663
69.0649
68.99285
68.99516
68.73929
69.47357
69.08392
69.07281
69.62286
69.35683
69.16149
68.81413
68.9529
69.47561
69.5506
69.38889
69.57241
69.37092
68.92229
68.71081
69.2671
68.74473
68.81509
69.47472
69.69307
69.65334
70.46902
70.00607
70.61711
70.51318
69.97204
69.92313
70.46938
69.91923
69.71908
70.61155
70.20868
70.27586
70.18348
70.5115
70.50015
70.24017
70.001
70.21726
70.20554
69.97788
70.36632
70.38931
70.18593
70.23168
70.74197
71.47899
71.41695
71.20207
70.87987
71.26557
71.41653
71.24074
71.15528
71.20588
70.98515
71.35642
71.21331
71.59639
71.25854
71.53325
70.92787
71.54787
71.07293
70.86163
72.67319
71.77245
72.64278
72.48159
71.9078
72.18324
72.55104
72.33861
72.07098
72.30647
72.05185
72.75204
72.79178
73.50606
73.68578
72.79593
73.41049
73.02077
73.20758
74.49237
73.81263
73.81376
73.82642
73.81739
75.57544
77.23474
60.05859
76.81927
66.72684
58.79456
67.89277
61.04946
59.81693
70.75232
68.26774
69.30589
69.30199
67.015